0.032258
0.034306
0.036295
0.038231
0.040118
0.041961
0.043765
0.045532
0.047265
0.048967
0.050639
0.052284
0.053904
0.055499
0.057072
0.058623
0.060154
0.061665
0.063159
0.064634
0.066093
0.067537
0.068964
0.070377
0.071777
0.073162
0.074535
0.075895
0.077243
0.078579
0.079904
0.081218
0.082521
0.083815
0.085098
0.086372
0.087637
0.088892
0.090139
0.091377
0.092607
0.093828
0.095042
0.096249
0.097447
0.098639
0.099823
0.101000
0.102171
0.103335
0.104493
0.105644
0.106788
0.107927
0.109060
0.110187
0.111309
0.112425
0.113535
0.114640
0.115740
0.116834
0.117924
0.119009
0.120089
0.121163
0.122234
0.123300
0.124360
0.125417
0.126470
0.127518
0.128561
0.129601
0.130637
0.131668
0.132696
0.133719
0.134739
0.135755
0.136768
0.137776
0.138781
0.139783
0.140781
0.141775
0.142766
0.143754
0.144739
0.145720
0.146698
0.147673
0.166667
0.200000
0.225000
0.250000
