824.6375446048152 913.4533384404951 1031.129877082367 7 8 9 100.0 100.0 -42.23993979900478
1049.3123911155603 1168.973332950854 1288.936470325331 10 11 12 100.0 100.0 -67.60630456412713
1155.7892772389587 1308.7316995156507 1440.3926333911709 11 12 13 100.0 100.0 -77.38176621970727
1190.4433192061247 1405.275432639595 1539.8835623296302 11 13 14 100.0 100.0 -77.38176621970727
1203.5848356254028 1474.0985140868572 1609.2225919472828 11 14 15 100.0 100.0 -77.38176621970727
1204.5217176429853 1520.8045042790282 1659.559416162367 11 14 15 100.0 100.0 -77.38176621970727
1204.6201092261608 1563.194696788308 1701.0265902277679 11 14 16 100.0 100.0 -77.38176621970727
1204.6762483696275 1596.1318363240782 1742.652309937043 11 15 16 100.0 100.0 -77.38176621970727
1204.7302707616755 1616.484346698218 1763.667926427475 11 15 16 100.0 100.0 -77.38176621970727
1204.7842051155521 1634.649811007403 1777.5884439783176 11 15 16 100.0 100.0 -77.38176621970727
1204.8382772025918 1653.262913347348 1806.1250152229734 11 15 17 100.0 100.0 -77.38176621970727
1204.8921477755052 1672.12498535934 1829.091701916717 11 15 17 100.0 100.0 -77.38176621970727
1204.9462693464404 1683.5921365092302 1844.1703686072713 11 16 17 100.0 100.0 -77.38176621970727
1205.000189333603 1690.7537934113755 1854.8109509917638 11 16 17 100.0 100.0 -77.38176621970727
1205.054134027441 1696.3164640380924 1862.8564824870075 11 16 17 100.0 100.0 -77.38176621970727
1205.1082159367047 1700.8971967365678 1869.3491851313881 11 16 17 100.0 100.0 -77.38176621970727
1205.162210003893 1704.8145954420866 1874.905248789806 11 16 17 100.0 100.0 -77.38176621970727
1205.2162288286634 1708.2240565813029 1879.9011926154246 11 16 17 100.0 100.0 -77.38176621970727
1205.2702724280473 1711.196771528999 1884.570794118333 11 16 17 100.0 100.0 -77.38176621970727
1205.3243408190924 1713.767109652222 1895.1579141941488 11 16 18 100.0 100.0 -77.38176621970727
1205.378319314636 1715.9597698633866 1905.617572403815 11 16 18 100.0 100.0 -77.38176621970727
1205.4324371967305 1717.8022743656554 1914.1639060474777 11 16 18 100.0 100.0 -77.38176621970727
1205.4864649307997 1719.3287456235662 1921.2470537147863 11 16 18 100.0 100.0 -77.38176621970727
1205.5405172378228 1720.5781980900522 1927.1955310876704 11 16 18 100.0 100.0 -77.38176621970727
1205.5945941345678 1721.5918470486622 1932.2530624370543 11 16 18 100.0 100.0 -77.38176621970727
1205.6485840600124 1722.4093531381056 1936.6035888604038 11 16 18 100.0 100.0 -77.38176621970727
1205.7027102784832 1723.0671506252093 1940.387598666772 11 16 18 100.0 100.0 -77.38176621970727
1205.7567497428063 1723.596952514435 1943.7137447072514 11 16 18 100.0 100.0 -77.38176621970727
1205.8109253506407 1724.0255911926677 1946.6670378727335 11 16 18 100.0 100.0 -77.38176621970727
1205.8650096371227 1724.3749502755375 1949.3147386638268 11 16 18 100.0 100.0 -77.38176621970727
1205.9191233474883 1724.6627783819517 1951.7102507104048 11 16 18 100.0 100.0 -77.38176621970727
1205.9731456666868 1724.9031555497013 1953.896602390384 11 16 18 100.0 100.0 -77.38176621970727
1206.0273035412256 1725.1069991531972 1955.908562947707 11 16 18 100.0 100.0 -77.38176621970727
1206.0812641848875 1725.2829068270405 1957.7742817996987 11 16 18 100.0 100.0 -77.38176621970727
1206.1354711676488 1725.4374453602286 1959.516776247324 11 16 18 100.0 100.0 -77.38176621970727
1206.189591979597 1725.5758163702476 1961.1549017304455 11 16 18 100.0 100.0 -77.38176621970727
1206.2437374798728 1725.7017863475821 1962.7040953136768 11 16 18 100.0 100.0 -77.38176621970727
1206.297907685374 1725.8183364451552 1964.1770308462649 11 16 18 100.0 100.0 -77.38176621970727
1206.3521026130122 1725.9277739700963 1965.584110918166 11 16 18 100.0 100.0 -77.38176621970727
1206.406204843471 1726.0318076928907 1966.9338413807245 11 16 18 100.0 100.0 -77.38176621970727
1206.4603389264753 1726.1317199688915 1968.233389003289 11 16 18 100.0 100.0 -77.38176621970727
1206.5144903447754 1726.2285405385915 1969.4883808166157 11 16 18 100.0 100.0 -77.38176621970727
1206.5686662635278 1726.3229839003209 1970.703617844512 11 16 18 100.0 100.0 -77.38176621970727
1206.622866699364 1726.4155997988562 1971.8828812788965 11 16 18 100.0 100.0 -77.38176621970727
1206.6769818454304 1726.5069315614737 1973.0291183310035 11 16 18 100.0 100.0 -77.38176621970727
1206.7311217278564 1726.597245927742 1974.1449348950932 11 16 18 100.0 100.0 -77.38176621970727
1206.7852775530612 1726.6867966076927 1975.2322692925472 11 16 18 100.0 100.0 -77.38176621970727
1206.8394667210878 1726.7757440224525 1976.2926998321057 11 16 18 100.0 100.0 -77.38176621970727
1206.8937901276825 1726.8642898456085 1977.327354723192 11 16 18 100.0 100.0 -77.38176621970727
1206.9479099102014 1726.9524836707824 1978.337231986275 11 16 18 100.0 100.0 -77.38176621970727
1207.002054223361 1727.040420299231 1979.323002341284 11 16 18 100.0 100.0 -77.38176621970727
1207.056342257383 1727.1282297100506 1980.2851945841212 11 16 18 100.0 100.0 -77.38176621970727
1207.1105358270565 1727.2158516778607 1981.2242899998432 11 16 18 100.0 100.0 -77.38176621970727
1207.1647539775822 1727.303378986386 1982.1405660286491 11 16 18 100.0 100.0 -77.38176621970727
1207.2189967256872 1727.390812150672 1983.0342005009772 11 16 18 100.0 100.0 -77.38176621970727
1207.273144333174 1727.4781702383077 1983.9053069586444 11 16 18 100.0 100.0 -77.38176621970727
1207.3274361810327 1727.5655461051629 1984.754069983021 11 16 18 100.0 100.0 -77.38176621970727
1207.381752676625 1727.6528838931915 1985.5806214639065 11 16 18 100.0 100.0 -77.38176621970727
1207.4358651289183 1727.74018197342 1986.3850397586239 11 16 18 100.0 100.0 -77.38176621970727
1207.4902309184204 1727.8275172204872 1987.167404440358 11 16 18 100.0 100.0 -77.38176621970727
1207.544500922681 1727.9147937537216 1987.9279632830055 11 16 18 100.0 100.0 -77.38176621970727
1207.5986871158022 1728.0021078144134 1988.666710703521 11 16 18 100.0 100.0 -77.38176621970727
1207.6530060768532 1728.0894588800072 1989.3838438690566 11 16 18 100.0 100.0 -77.38176621970727
1207.7072414481438 1728.1767506224915 1990.0796325388376 11 16 18 100.0 100.0 -77.38176621970727
1207.7616094323896 1728.2640605336628 1990.9810875590404 11 16 19 100.0 100.0 -77.38176621970727
1207.8158940486992 1728.3513878510944 1992.150524380282 11 16 19 100.0 100.0 -77.38176621970727
1207.8700820006766 1728.4387522746551 1993.2601123519767 11 16 19 100.0 100.0 -77.38176621970727
1207.9244158768493 1728.5260575564132 1994.3140061180507 11 16 19 100.0 100.0 -77.38176621970727
1207.978774481365 1728.6133998864711 1995.3157615732164 11 16 19 100.0 100.0 -77.38176621970727
1208.0331435124594 1728.700817915236 1996.268907563025 11 16 19 100.0 100.0 -77.38176621970727
1208.087322053234 1728.788195945345 1997.1767344208756 11 16 19 100.0 100.0 -77.38176621970727
1208.1417398495844 1728.875553368129 1998.041968116265 11 16 19 100.0 100.0 -77.38176621970727
1208.1959675673374 1728.962967379407 1998.86735233376 11 16 19 100.0 100.0 -77.38176621970727
1208.2503270941613 1729.0503609829161 1999.655498417637 11 16 19 100.0 100.0 -77.38176621970727
1208.304711156295 1729.1377715837104 2000.4087034467136 11 16 19 100.0 100.0 -77.38176621970727
1208.359119770353 1729.2252015989125 2001.129147245623 11 16 19 100.0 100.0 -77.38176621970727
1208.4133233126654 1729.3126685546238 2001.8188857556338 11 16 19 100.0 100.0 -77.38176621970727
1208.4677810286178 1729.4000956970183 2002.4797037972028 11 16 19 100.0 100.0 -77.38176621970727
1208.5221402281456 1729.4875209310526 2003.1134380610508 11 16 19 100.0 100.0 -77.38176621970727
1208.5764172216225 1729.5749848953774 2003.7216373169695 11 16 19 100.0 100.0 -77.38176621970727
1208.6307187463203 1729.6625053017724 2004.3057560284255 11 16 19 100.0 100.0 -77.38176621970727
1208.6852747182006 1729.7499661983602 2004.8674425394859 11 16 19 100.0 100.0 -77.38176621970727
1208.7396254072357 1729.8375031525673 2005.4079608551008 11 16 19 100.0 100.0 -77.38176621970727
1208.7938768236736 1729.9250597408256 2005.9284195835226 11 16 19 100.0 100.0 -77.38176621970727
1208.8482765443002 1730.0126153435594 2006.4302095552616 11 16 19 100.0 100.0 -77.38176621970727
1208.902806837422 1730.1001489357295 2006.914225721145 11 16 19 100.0 100.0 -77.38176621970727
1208.957149845605 1730.1876825314323 2007.3816841337737 11 16 19 100.0 100.0 -77.38176621970727
1209.0116047825504 1730.275253746663 2007.833353139195 11 16 19 100.0 100.0 -77.38176621970727
1209.0659782262505 1730.3629026173974 2008.2702620004911 11 16 19 100.0 100.0 -77.38176621970727
1209.1205007942683 1730.4504718240605 2008.6931029388993 11 16 19 100.0 100.0 -77.38176621970727
1209.1748176941562 1730.5380786898609 2009.1028053750076 11 16 19 100.0 100.0 -77.38176621970727
1209.2292645876084 1730.6257247573792 2009.4998965087073 11 16 19 100.0 100.0 -77.38176621970727
1209.283735916098 1730.713408662944 2009.885280247282 11 16 19 100.0 100.0 -77.38176621970727
1209.3381265052008 1730.8010715113573 2010.2595580555223 11 16 19 100.0 100.0 -77.38176621970727
1209.3925213712162 1730.8886946793293 2010.6232378337804 11 16 19 100.0 100.0 -77.38176621970727
1209.4470660518216 1730.9763758980844 2010.9769688047695 11 16 19 100.0 100.0 -77.38176621970727
1209.501530331388 1731.064078391444 2011.3213416363558 11 16 19 100.0 100.0 -77.38176621970727
1209.5558933983064 1731.1518189828835 2011.6568766064756 11 16 19 100.0 100.0 -77.38176621970727
1209.610385605116 1731.2395162029522 2011.983846515642 11 16 19 100.0 100.0 -77.38176621970727
